{
    "normal_1bisr_flows_flow_1139.pcap": 0.9148727846826885,
    "normal_1bisr_flows_flow_1152.pcap": 0.9884030919188097,
    "normal_1bisr_flows_flow_1183.pcap": 0.9986102805721405,
    "normal_1bisr_flows_flow_119.pcap": 0.9841867579877628,
    "normal_1bisr_flows_flow_1303.pcap": 0.9734513016681642,
    "normal_1bisr_flows_flow_1462.pcap": 0.9545439472246524,
    "normal_1bisr_flows_flow_1486.pcap": 0.9671762054179327,
    "normal_1bisr_flows_flow_1758.pcap": 0.9977046162443842,
    "normal_1bisr_flows_flow_1771.pcap": 0.9913760902750748,
    "normal_1bisr_flows_flow_1838.pcap": 0.9940952221086984,
    "normal_1bisr_flows_flow_1848.pcap": 0.9691223043835882,
    "normal_1bisr_flows_flow_1898.pcap": 0.983145435698461,
    "normal_1bisr_flows_flow_1914.pcap": 0.9982150091071251,
    "normal_1bisr_flows_flow_1932.pcap": 0.9963328842153245,
    "normal_1bisr_flows_flow_1936.pcap": 0.9959379044040426,
    "normal_1bisr_flows_flow_2051.pcap": 0.9822330030192672,
    "normal_1bisr_flows_flow_2142.pcap": 0.9911840768507147,
    "normal_1bisr_flows_flow_2189.pcap": 0.9545439472246524,
    "normal_1bisr_flows_flow_225.pcap": 0.9929609062445146,
    "normal_1bisr_flows_flow_2312.pcap": 0.9984007012030605,
    "normal_1bisr_flows_flow_2330.pcap": 0.995009058543293,
    "normal_1bisr_flows_flow_234.pcap": 0.9979654782092535,
    "normal_1bisr_flows_flow_2452.pcap": 0.9429723317778576,
    "normal_1bisr_flows_flow_2459.pcap": 0.9355028287145968,
    "normal_1bisr_flows_flow_2522.pcap": 0.9380455005596349,
    "normal_1bisr_flows_flow_2626.pcap": 0.9284223731320551,
    "normal_1bisr_flows_flow_2639.pcap": 0.9986258035437792,
    "normal_1bisr_flows_flow_2647.pcap": 0.9545439472246524,
    "normal_1bisr_flows_flow_2660.pcap": 0.9980235533632296,
    "normal_1bisr_flows_flow_2750.pcap": 0.9545439472246524,
    "normal_1bisr_flows_flow_2791.pcap": 0.9126871513686459,
    "normal_1bisr_flows_flow_2824.pcap": 0.951891239887179,
    "normal_1bisr_flows_flow_385.pcap": 0.9939913124224631,
    "normal_1bisr_flows_flow_429.pcap": 0.9997488946155884,
    "normal_1bisr_flows_flow_52.pcap": 0.9991328618700934,
    "normal_1bisr_flows_flow_561.pcap": 0.9954321095907904,
    "normal_1bisr_flows_flow_569.pcap": 0.9973227884262108,
    "normal_1bisr_flows_flow_671.pcap": 0.9877621683127951,
    "normal_1bisr_flows_flow_787.pcap": 0.9986657529637324,
    "normal_1bisr_flows_flow_837.pcap": 0.9988252038248512,
    "normal_1bisr_flows_flow_884.pcap": 0.9984774567096791,
    "normal_1bisr_flows_flow_967.pcap": 0.9878051681977823,
    "normal_1bisr_flows_flow_1123.pcap": 0.8346060693896603,
    "normal_1bisr_flows_flow_1773.pcap": 0.8681324969076682,
    "normal_1bisr_flows_flow_184.pcap": 0.8471631129243913,
    "normal_1bisr_flows_flow_1941.pcap": 0.8471631129243913,
    "normal_1bisr_flows_flow_370.pcap": 0.8346060693896603,
    "normal_1bisr_flows_flow_626.pcap": 0.8346060693896603,
    "normal_1bisr_flows_flow_782.pcap": 0.8681324969076682
}