{
    "normal_1bisr_flows_flow_1123.pcap": 0.8457016582966831,
    "normal_1bisr_flows_flow_1183.pcap": 0.99695447905174,
    "normal_1bisr_flows_flow_119.pcap": 0.9838318963326256,
    "normal_1bisr_flows_flow_1303.pcap": 0.9708147741451514,
    "normal_1bisr_flows_flow_1673.pcap": 0.997876800735936,
    "normal_1bisr_flows_flow_1724.pcap": 0.9963696686233912,
    "normal_1bisr_flows_flow_1771.pcap": 0.9912824963969368,
    "normal_1bisr_flows_flow_1838.pcap": 0.9940871996091245,
    "normal_1bisr_flows_flow_1849.pcap": 0.9987225768415657,
    "normal_1bisr_flows_flow_1898.pcap": 0.9830856381787156,
    "normal_1bisr_flows_flow_1914.pcap": 0.9968867325542539,
    "normal_1bisr_flows_flow_1932.pcap": 0.9944420269486769,
    "normal_1bisr_flows_flow_1936.pcap": 0.9940823856914017,
    "normal_1bisr_flows_flow_1959.pcap": 0.9961627460190907,
    "normal_1bisr_flows_flow_1969.pcap": 0.9927966403820854,
    "normal_1bisr_flows_flow_2051.pcap": 0.9857850678287949,
    "normal_1bisr_flows_flow_2142.pcap": 0.9924129284638883,
    "normal_1bisr_flows_flow_2189.pcap": 0.9485336181082495,
    "normal_1bisr_flows_flow_225.pcap": 0.9894608969933416,
    "normal_1bisr_flows_flow_2273.pcap": 0.99745616596141,
    "normal_1bisr_flows_flow_230.pcap": 0.9832432364354092,
    "normal_1bisr_flows_flow_2312.pcap": 0.9965232021540418,
    "normal_1bisr_flows_flow_236.pcap": 0.9861601541173228,
    "normal_1bisr_flows_flow_2373.pcap": 0.9808031739412466,
    "normal_1bisr_flows_flow_2401.pcap": 0.859990427154142,
    "normal_1bisr_flows_flow_2491.pcap": 0.9965892993708187,
    "normal_1bisr_flows_flow_2495.pcap": 0.9924644774466581,
    "normal_1bisr_flows_flow_2626.pcap": 0.918292814964044,
    "normal_1bisr_flows_flow_2639.pcap": 0.9968685362544889,
    "normal_1bisr_flows_flow_2647.pcap": 0.9485336181082495,
    "normal_1bisr_flows_flow_2727.pcap": 0.9843710991847796,
    "normal_1bisr_flows_flow_2756.pcap": 0.9954522388963001,
    "normal_1bisr_flows_flow_2791.pcap": 0.9027678300295332,
    "normal_1bisr_flows_flow_2824.pcap": 0.9483150270880045,
    "normal_1bisr_flows_flow_385.pcap": 0.9950433257902132,
    "normal_1bisr_flows_flow_52.pcap": 0.9982024750334009,
    "normal_1bisr_flows_flow_566.pcap": 0.980053280183848,
    "normal_1bisr_flows_flow_644.pcap": 0.9485336181082495,
    "normal_1bisr_flows_flow_689.pcap": 0.9507600698610779,
    "normal_1bisr_flows_flow_696.pcap": 0.9922404116243746,
    "normal_1bisr_flows_flow_697.pcap": 0.9973172320857315,
    "normal_1bisr_flows_flow_782.pcap": 0.870762749832482,
    "normal_1bisr_flows_flow_786.pcap": 0.9970244131493234,
    "normal_1bisr_flows_flow_787.pcap": 0.9979522585196008,
    "normal_1bisr_flows_flow_837.pcap": 0.9980608622342664,
    "normal_1bisr_flows_flow_949.pcap": 0.995418543993544,
    "normal_1bisr_flows_flow_967.pcap": 0.9849200914266605
}