{
    "normal_1bisr_flows_flow_1123.pcap": 0.8426938351740163,
    "normal_1bisr_flows_flow_1183.pcap": 0.998536440422845,
    "normal_1bisr_flows_flow_119.pcap": 0.9837709058115105,
    "normal_1bisr_flows_flow_1303.pcap": 0.9708618156078308,
    "normal_1bisr_flows_flow_1462.pcap": 0.9498644584251227,
    "normal_1bisr_flows_flow_1486.pcap": 0.9664629247229868,
    "normal_1bisr_flows_flow_1518.pcap": 0.9935536874499842,
    "normal_1bisr_flows_flow_1521.pcap": 0.94836312181414,
    "normal_1bisr_flows_flow_1673.pcap": 0.9985966878087318,
    "normal_1bisr_flows_flow_1701.pcap": 0.9984764774307853,
    "normal_1bisr_flows_flow_1758.pcap": 0.9965106774553276,
    "normal_1bisr_flows_flow_1771.pcap": 0.9898512589499493,
    "normal_1bisr_flows_flow_184.pcap": 0.85837660955608,
    "normal_1bisr_flows_flow_1898.pcap": 0.9867430086650477,
    "normal_1bisr_flows_flow_1914.pcap": 0.9969647212951287,
    "normal_1bisr_flows_flow_1932.pcap": 0.9945575121274624,
    "normal_1bisr_flows_flow_1936.pcap": 0.9938681843892487,
    "normal_1bisr_flows_flow_1959.pcap": 0.9971003149255575,
    "normal_1bisr_flows_flow_2051.pcap": 0.9888260059336647,
    "normal_1bisr_flows_flow_2058.pcap": 0.9281058037215194,
    "normal_1bisr_flows_flow_2066.pcap": 0.9932498739969073,
    "normal_1bisr_flows_flow_225.pcap": 0.98899211089609,
    "normal_1bisr_flows_flow_2273.pcap": 0.9972596175386415,
    "normal_1bisr_flows_flow_230.pcap": 0.9847301916492548,
    "normal_1bisr_flows_flow_2330.pcap": 0.9952250234826625,
    "normal_1bisr_flows_flow_234.pcap": 0.9958707670196348,
    "normal_1bisr_flows_flow_2373.pcap": 0.9807822377555183,
    "normal_1bisr_flows_flow_2441.pcap": 0.8426938351740163,
    "normal_1bisr_flows_flow_2491.pcap": 0.9965734841862843,
    "normal_1bisr_flows_flow_2522.pcap": 0.9313027312973006,
    "normal_1bisr_flows_flow_2647.pcap": 0.9498644584251227,
    "normal_1bisr_flows_flow_2727.pcap": 0.9865640506452036,
    "normal_1bisr_flows_flow_2791.pcap": 0.9029598264181931,
    "normal_1bisr_flows_flow_2824.pcap": 0.949831106380577,
    "normal_1bisr_flows_flow_378.pcap": 0.990154590710991,
    "normal_1bisr_flows_flow_385.pcap": 0.9966205200577306,
    "normal_1bisr_flows_flow_52.pcap": 0.9986607046505425,
    "normal_1bisr_flows_flow_537.pcap": 0.9953013251793694,
    "normal_1bisr_flows_flow_569.pcap": 0.9961498712735309,
    "normal_1bisr_flows_flow_614.pcap": 0.9938503334616955,
    "normal_1bisr_flows_flow_644.pcap": 0.9498644584251227,
    "normal_1bisr_flows_flow_689.pcap": 0.9526393880950461,
    "normal_1bisr_flows_flow_760.pcap": 0.9982890591208634,
    "normal_1bisr_flows_flow_782.pcap": 0.865776407914322,
    "normal_1bisr_flows_flow_812.pcap": 0.9498644584251227,
    "normal_1bisr_flows_flow_837.pcap": 0.9985782386901012
}