{
    "normal_1bisr_flows_flow_1123.pcap": 0.7242353930022757,
    "normal_1bisr_flows_flow_1139.pcap": 0.948373487257207,
    "normal_1bisr_flows_flow_1152.pcap": 0.9983997175442694,
    "normal_1bisr_flows_flow_119.pcap": 0.9913777003928772,
    "normal_1bisr_flows_flow_1281.pcap": 0.9994959350732847,
    "normal_1bisr_flows_flow_1427.pcap": 0.9995406637644608,
    "normal_1bisr_flows_flow_1462.pcap": 0.9581823171632349,
    "normal_1bisr_flows_flow_1486.pcap": 0.9717917649159622,
    "normal_1bisr_flows_flow_1518.pcap": 0.9984394173108573,
    "normal_1bisr_flows_flow_1521.pcap": 0.9595165028603365,
    "normal_1bisr_flows_flow_1616.pcap": 0.9990122075748684,
    "normal_1bisr_flows_flow_1673.pcap": 0.9987418193183658,
    "normal_1bisr_flows_flow_1758.pcap": 0.9978740813642204,
    "normal_1bisr_flows_flow_1771.pcap": 0.9989919481595764,
    "normal_1bisr_flows_flow_1773.pcap": 0.8455392284696253,
    "normal_1bisr_flows_flow_184.pcap": 0.8828965694252751,
    "normal_1bisr_flows_flow_1848.pcap": 0.9961504004549527,
    "normal_1bisr_flows_flow_1849.pcap": 0.9989015896407978,
    "normal_1bisr_flows_flow_1932.pcap": 0.9996299416516774,
    "normal_1bisr_flows_flow_2051.pcap": 0.9952157428214865,
    "normal_1bisr_flows_flow_2142.pcap": 0.9985578985563277,
    "normal_1bisr_flows_flow_2189.pcap": 0.9581823171632349,
    "normal_1bisr_flows_flow_225.pcap": 0.9989852321820006,
    "normal_1bisr_flows_flow_230.pcap": 0.9981298167648192,
    "normal_1bisr_flows_flow_2330.pcap": 0.998761201863607,
    "normal_1bisr_flows_flow_234.pcap": 0.9980569773770642,
    "normal_1bisr_flows_flow_236.pcap": 0.9961422680823208,
    "normal_1bisr_flows_flow_2522.pcap": 0.8895314709345596,
    "normal_1bisr_flows_flow_2555.pcap": 0.9713374424389714,
    "normal_1bisr_flows_flow_2587.pcap": 0.9959098751720219,
    "normal_1bisr_flows_flow_2647.pcap": 0.9581823171632349,
    "normal_1bisr_flows_flow_2660.pcap": 0.9998720341193243,
    "normal_1bisr_flows_flow_2750.pcap": 0.9581823171632349,
    "normal_1bisr_flows_flow_2791.pcap": 0.8742930354545467,
    "normal_1bisr_flows_flow_385.pcap": 0.9978826521419535,
    "normal_1bisr_flows_flow_561.pcap": 0.998510471164054,
    "normal_1bisr_flows_flow_566.pcap": 0.9915472598488904,
    "normal_1bisr_flows_flow_569.pcap": 0.9994727250332891,
    "normal_1bisr_flows_flow_644.pcap": 0.9581823171632349,
    "normal_1bisr_flows_flow_689.pcap": 0.9548879083692109,
    "normal_1bisr_flows_flow_696.pcap": 0.9981824013735016,
    "normal_1bisr_flows_flow_779.pcap": 0.8718536106678598,
    "normal_1bisr_flows_flow_786.pcap": 0.9983121314986645,
    "normal_1bisr_flows_flow_787.pcap": 0.9998626271474734,
    "normal_1bisr_flows_flow_797.pcap": 0.8895314709345596,
    "normal_1bisr_flows_flow_812.pcap": 0.9581823171632349,
    "normal_1bisr_flows_flow_884.pcap": 0.9998920620530911
}