{
    "normal_1bisr_flows_flow_1152.pcap": 0.9985039574228302,
    "normal_1bisr_flows_flow_119.pcap": 0.9917308912501787,
    "normal_1bisr_flows_flow_1673.pcap": 0.9987471680350568,
    "normal_1bisr_flows_flow_1701.pcap": 0.9987507545308254,
    "normal_1bisr_flows_flow_1735.pcap": 0.9963804442125176,
    "normal_1bisr_flows_flow_1914.pcap": 0.9994234618124703,
    "normal_1bisr_flows_flow_1959.pcap": 0.9992817279891864,
    "normal_1bisr_flows_flow_2066.pcap": 0.9982807312756813,
    "normal_1bisr_flows_flow_2194.pcap": 0.9970440017446278,
    "normal_1bisr_flows_flow_2727.pcap": 0.997737329509978,
    "normal_1bisr_flows_flow_378.pcap": 0.9970141040597991,
    "normal_1bisr_flows_flow_566.pcap": 0.9921976725522332,
    "normal_1bisr_flows_flow_932.pcap": 0.9997841749131526
}