{
    "normal_1bisr_flows_flow_1183.pcap": 0.9975011613337166,
    "normal_1bisr_flows_flow_119.pcap": 0.9853404751263204,
    "normal_1bisr_flows_flow_1281.pcap": 0.9979411526386477,
    "normal_1bisr_flows_flow_1427.pcap": 0.9935904380160497,
    "normal_1bisr_flows_flow_1486.pcap": 0.9660514523691557,
    "normal_1bisr_flows_flow_1518.pcap": 0.9921235232583525,
    "normal_1bisr_flows_flow_1616.pcap": 0.9944522845996878,
    "normal_1bisr_flows_flow_1673.pcap": 0.998762725734324,
    "normal_1bisr_flows_flow_1724.pcap": 0.9976427562778178,
    "normal_1bisr_flows_flow_1838.pcap": 0.9956616684217234,
    "normal_1bisr_flows_flow_1849.pcap": 0.9994485785689,
    "normal_1bisr_flows_flow_1898.pcap": 0.9845372964042868,
    "normal_1bisr_flows_flow_2051.pcap": 0.984953036575895,
    "normal_1bisr_flows_flow_2058.pcap": 0.9307742077874153,
    "normal_1bisr_flows_flow_2066.pcap": 0.9951546099731973,
    "normal_1bisr_flows_flow_2142.pcap": 0.9924217681032392,
    "normal_1bisr_flows_flow_225.pcap": 0.9917693441289954,
    "normal_1bisr_flows_flow_230.pcap": 0.9846374159858102,
    "normal_1bisr_flows_flow_2312.pcap": 0.9973303040603305,
    "normal_1bisr_flows_flow_2330.pcap": 0.9957286293268978,
    "normal_1bisr_flows_flow_234.pcap": 0.9973279837549056,
    "normal_1bisr_flows_flow_236.pcap": 0.9874159986893598,
    "normal_1bisr_flows_flow_2452.pcap": 0.9405217416531859,
    "normal_1bisr_flows_flow_2459.pcap": 0.933015573663441,
    "normal_1bisr_flows_flow_2491.pcap": 0.9979037684108927,
    "normal_1bisr_flows_flow_2495.pcap": 0.9922166845229523,
    "normal_1bisr_flows_flow_2587.pcap": 0.9845297469070963,
    "normal_1bisr_flows_flow_2647.pcap": 0.9523433307125668,
    "normal_1bisr_flows_flow_2824.pcap": 0.9515860510266626,
    "normal_1bisr_flows_flow_385.pcap": 0.9953540126669058,
    "normal_1bisr_flows_flow_429.pcap": 0.9980742151681632,
    "normal_1bisr_flows_flow_52.pcap": 0.999015037575437,
    "normal_1bisr_flows_flow_537.pcap": 0.9937333337779035,
    "normal_1bisr_flows_flow_696.pcap": 0.9925977878685411,
    "normal_1bisr_flows_flow_786.pcap": 0.9980271112638182,
    "normal_1bisr_flows_flow_787.pcap": 0.9983821553582428,
    "normal_1bisr_flows_flow_812.pcap": 0.9523433307125668,
    "normal_1bisr_flows_flow_837.pcap": 0.9984782174571643,
    "normal_1bisr_flows_flow_949.pcap": 0.9967671977624187,
    "normal_1bisr_flows_flow_1773.pcap": 0.8696493412380187,
    "normal_1bisr_flows_flow_1941.pcap": 0.8560822688318094,
    "normal_1bisr_flows_flow_2287.pcap": 0.8415597982681494,
    "normal_1bisr_flows_flow_2441.pcap": 0.8415597982681494,
    "normal_1bisr_flows_flow_2477.pcap": 0.8560822688318094,
    "normal_1bisr_flows_flow_370.pcap": 0.8415597982681494
}